Variance-covariance matrix: 

ans =

    0.9615    0.0183
    0.0183    1.1000

